experiment Tolerance=1E-7

tank3.So := 1.499999594564e+000;
tank3.Sf := 4.047250370151e-001;
tank3.Sa := 4.304795226564e-002;
tank3.Snh := 2.135056830344e+000;
tank3.Sno := 4.745077319067e+000;
tank3.Spo := 2.961368517992e+000;
tank3.Si := 3.000000000000e+001;
tank3.Salk := 4.921214772521e+000;
tank3.Sn2 := 3.117110477171e+001;
tank3.Xi := 2.067270614839e+003;
tank3.Xs := 4.832340494304e+001;
tank3.Xh := 1.690697981670e+003;
tank3.Xpao := 6.971403952336e-001;
tank3.Xpp := 4.877356145179e-001;
tank3.Xpha := 6.892380243536e-003;
tank3.Xa := 8.964145418709e+001;
tank3.Xmeoh := 5.708642743167e-016;
tank3.Xmep := 3.088921553101e-015;
tank3.Xtss := 3.191207954926e+003;
tank2.So := 3.562545998497e+000;
tank2.Sf := 5.863448590583e-001;
tank2.Sa := 1.901343027958e-001;
tank2.Snh := 4.049685070588e+000;
tank2.Sno := 2.892138026756e+000;
tank2.Spo := 2.913767815416e+000;
tank2.Si := 3.000000000000e+001;
tank2.Salk := 5.189482871462e+000;
tank2.Sn2 := 3.087518359170e+001;
tank2.Xi := 2.062307487717e+003;
tank2.Xs := 5.787562967691e+001;
tank2.Xh := 1.685925072331e+003;
tank2.Xpao := 6.935673895174e-001;
tank2.Xpp := 4.811287935306e-001;
tank2.Xpha := 1.694548219994e-002;
tank2.Xa := 8.914048027811e+001;
tank2.Xmeoh := 5.709854174416e-016;
tank2.Xmep := 3.076342521535e-015;
tank2.Xtss := 3.189884759337e+003;
tank1.So := 3.294850901856e-003;
tank1.Sf := 1.030532222926e+000;
tank1.Sa := 2.560432236950e+000;
tank1.Snh := 6.846274577630e+000;
tank1.Sno := 1.416743158230e-001;
tank1.Spo := 2.910369143195e+000;
tank1.Si := 3.000000000000e+001;
tank1.Salk := 5.551673346167e+000;
tank1.Sn2 := 3.065549647143e+001;
tank1.Xi := 2.056431231219e+003;
tank1.Xs := 7.108298759834e+001;
tank1.Xh := 1.676688523028e+003;
tank1.Xpao := 6.869384731072e-001;
tank1.Xpp := 4.710460073639e-001;
tank1.Xpha := 3.049760052833e-002;
tank1.Xa := 8.840015791973e+001;
tank1.Xmeoh := 5.687813606098e-016;
tank1.Xmep := 3.065018320982e-015;
tank1.Xtss := 3.186373498756e+003;
PI1.x[1] := -4.074898059346e-004;
Settler.Si1 := 3.000000000000e+001;
Settler.Sf1 := 3.911780015053e-001;
Settler.So1 := 1.499999214392e+000;
Settler.Sno1 := 4.641502071299e+000;
Settler.Snh1 := 1.765527234696e+000;
Settler.Spo1 := 3.013932821627e+000;
Settler.Sn2_1 := 3.150744625748e+001;
Settler.Sa1 := 4.066439335895e-002;
Settler.Salk1 := 4.917821801914e+000;
Settler.Si2 := 3.000000000000e+001;
Settler.Sf2 := 3.783165385079e-001;
Settler.So2 := 1.499999507657e+000;
Settler.Sno2 := 4.623943232708e+000;
Settler.Snh2 := 1.708973076034e+000;
Settler.Spo2 := 3.053587605558e+000;
Settler.Sn2_2 := 3.175199627147e+001;
Settler.Sa2 := 3.816146515460e-002;
Settler.Salk2 := 4.909431739835e+000;
Settler.hs := 5.722455288829e-001;


