experiment Tolerance=1E-7

tank3.Si := 3.000000000000e+001;
tank3.Ss := 1.768379818970e+000;
tank3.Xi := 1.280658681727e+003;
tank3.Xs := 1.342037061251e+001;
tank3.Xbh := 1.971253187539e+003;
tank3.Xba := 8.953776792719e+001;
tank3.Xp := 7.135293892258e+002;
tank3.So := 1.499999536940e+000;
tank3.Sno := 7.023954787236e+000;
tank3.Snh := 3.469832897751e+000;
tank3.Snd := 6.330054822579e-001;
tank3.Xnd := 1.058875620146e+000;
tank3.Salk := 4.485176510073e+000;
tank2.Si := 3.000000000000e+001;
tank2.Ss := 2.463117211568e+000;
tank2.Xi := 1.278333736389e+003;
tank2.Xs := 2.140590310375e+001;
tank2.Xbh := 1.966614626250e+003;
tank2.Xba := 8.900572493248e+001;
tank2.Xp := 7.113292476107e+002;
tank2.So := 3.632593914266e+000;
tank2.Sno := 4.856770069816e+000;
tank2.Snh := 5.478663911860e+000;
tank2.Snd := 7.252693834073e-001;
tank2.Xnd := 1.586608768203e+000;
tank2.Salk := 4.782438895247e+000;
tank1.Si := 3.000000000000e+001;
tank1.Ss := 2.395032857582e+000;
tank1.Xi := 1.275518549259e+003;
tank1.Xs := 3.770076754487e+001;
tank1.Xbh := 1.956193873766e+003;
tank1.Xba := 8.829237725627e+001;
tank1.Xp := 7.087641710603e+002;
tank1.So := 7.377559296960e-003;
tank1.Sno := 2.060772419090e+000;
tank1.Snh := 8.182199118905e+000;
tank1.Snd := 5.508870585039e-001;
tank1.Xnd := 2.635166937210e+000;
tank1.Salk := 5.179082991135e+000;
PI1.x[1] := -3.511076570565e-004;
Settler.Si1 := 3.000000000000e+001;
Settler.Ss1 := 1.681287279702e+000;
Settler.So1 := 1.499999390854e+000;
Settler.Sno1 := 7.168869418367e+000;
Settler.Snh1 := 2.943675968574e+000;
Settler.Snd1 := 6.126843777685e-001;
Settler.Salk1 := 4.461450405862e+000;
Settler.Si2 := 3.000000000000e+001;
Settler.Ss2 := 1.635315887679e+000;
Settler.So2 := 1.499999562861e+000;
Settler.Sno2 := 7.338549109702e+000;
Settler.Snh2 := 2.791485011898e+000;
Settler.Snd2 := 6.003165935477e-001;
Settler.Salk2 := 4.437580751343e+000;
Settler.hs := 5.029601648736e-001;


