experiment Tolerance=1E-7

tank3.So := 1.500000451412e+00;
tank3.Si := 3.000000000000e+01;
tank3.Ss := 9.787620448727e-02;
tank3.Snh := 4.430460642691e+00;
tank3.Sn2 := 2.930273422158e+01;
tank3.Snox := 4.652192863043e+00;
tank3.Salk := 4.723208983242e+00;
tank3.Xi := 1.707251685617e+03;
tank3.Xs := 1.107068220688e+02;
tank3.Xh := 1.630954525527e+03;
tank3.Xsto := 2.138525880453e+02;
tank3.Xa := 6.409049568929e+01;
tank3.Xss := 3.017320952687e+03;
tank2.So := 4.014015083032e+00;
tank2.Si := 3.000000000000e+01;
tank2.Ss := 1.113590004590e-01;
tank2.Snh := 6.442488858084e+00;
tank2.Sn2 := 2.895886248197e+01;
tank2.Snox := 2.876156722963e+00;
tank2.Salk := 4.992760001007e+00;
tank2.Xi := 1.703331561525e+03;
tank2.Xs := 1.170028934320e+02;
tank2.Xh := 1.626882162662e+03;
tank2.Xsto := 2.180409708668e+02;
tank2.Xa := 6.366268878186e+01;
tank2.Xss := 3.017565790037e+03;
tank1.So := 6.786972955030e-03;
tank1.Si := 3.000000000000e+01;
tank1.Ss := 6.999055232514e-01;
tank1.Snh := 8.818644717227e+00;
tank1.Sn2 := 2.873546535887e+01;
tank1.Snox := 5.281348773379e-01;
tank1.Salk := 5.334021663040e+00;
tank1.Xi := 1.698676593738e+03;
tank1.Xs := 1.239929063777e+02;
tank1.Xh := 1.621941095890e+03;
tank1.Xsto := 2.216485788132e+02;
tank1.Xa := 6.305730431937e+01;
tank1.Xss := 3.016489832563e+03;
PI1.x[1] := -3.574256867301e-04;
Settler.So1 := 1.499999931618e+00;
Settler.Si1 := 3.000000000000e+01;
Settler.Ss1 := 9.364070041559e-02;
Settler.Snh1 := 3.627162769392e+00;
Settler.Sn2_1 := 2.968039040722e+01;
Settler.Snox1 := 4.675975867149e+00;
Settler.Salk1 := 4.688351573068e+00;
Settler.So2 := 1.499999816109e+00;
Settler.Si2 := 3.000000000000e+01;
Settler.Ss2 := 8.981606064622e-02;
Settler.Snh2 := 3.238352654978e+00;
Settler.Sn2_2 := 3.012590421535e+01;
Settler.Snox2 := 4.573147618294e+00;
Settler.Salk2 := 4.667031591556e+00;
Settler.hs := 4.868248813592e-01;


